#Seq[1]
pos	base	current	sd	dwell
0	A	-1.103553	0.316205	0.543081
1	A	-0.807995	0.307984	0.469672
2	A	0.042053	0.302578	0.700534
3	A	-1.464031	0.251463	1.130432
4	A	-1.477903	0.222199	2.390123
5	A	-0.438992	0.164954	4.925861
6	C	-0.982330	0.170299	6.428064
7	G	0.957263	0.186579	7.797787
8	A	-0.243267	0.169276	8.541513
9	C	0.587373	0.129004	8.943176
10	G	0.076419	0.154759	8.496114
11	T	0.666894	0.140740	9.263249
12	G	-0.265930	0.131609	8.698508
13	T	-0.032087	0.145870	7.756843
14	A	-0.943550	0.142361	7.793900
15	C	-1.456337	0.115000	7.926525
16	G	-1.322848	0.120767	8.665868
17	C	-1.048528	0.129777	9.301281
18	A	-0.978061	0.150463	10.507028
19	A	-0.784137	0.211018	11.907558
20	A	0.307826	0.366911	12.340088
21	A	0.108383	0.407702	10.333441
22	A	-0.996955	0.454574	8.333235
23	A	0.298515	0.573044	4.858829
#Seq[2]
pos	base	current	sd	dwell
0	A	-1.083590	0.329357	0.486761
1	A	-0.811698	0.317690	0.448770
2	A	0.268317	0.290871	0.686274
3	A	-0.933189	0.209580	1.171264
4	A	-0.518169	0.160841	2.464672
5	A	-0.721417	0.145107	4.407268
6	C	0.168885	0.141857	6.779493
7	G	-0.227482	0.145856	7.358263
8	C	0.204881	0.117909	8.074329
9	C	1.021174	0.109463	9.338914
10	T	0.764483	0.129682	8.920881
11	A	-0.312312	0.144688	8.186628
12	C	-0.902743	0.131849	9.010173
13	T	0.803765	0.145893	8.471866
14	C	-0.018779	0.186581	8.592855
15	G	-0.901936	0.125622	9.383713
16	G	-1.010669	0.123031	8.581224
17	T	-1.028049	0.134838	10.713141
18	A	-1.030582	0.165913	11.382102
19	A	-1.050569	0.206526	12.619669
20	A	0.042002	0.352521	13.522659
21	A	0.116719	0.415530	10.294986
22	A	-1.026874	0.465722	8.076027
23	A	0.253676	0.578497	4.529687
#Seq[3]
pos	base	current	sd	dwell
0	A	-1.037366	0.302482	0.545790
1	A	-0.926746	0.227981	0.530318
2	A	-0.899716	0.207442	0.750240
3	A	-0.240762	0.192098	1.438435
4	A	-0.234546	0.165662	2.469227
5	A	0.621533	0.178662	5.097819
6	G	-0.411464	0.181892	7.404203
7	C	0.117299	0.126672	8.878677
8	C	-0.522205	0.173730	8.349337
9	T	-0.598669	0.105172	9.217875
10	G	-0.256321	0.109973	7.591597
11	T	0.829280	0.159777	7.984834
12	A	-0.264336	0.169888	7.003434
13	A	-1.314565	0.148909	7.384248
14	G	-1.850291	0.131405	8.418985
15	C	-1.631018	0.112396	7.974112
16	G	-1.302520	0.113661	9.901729
17	G	-1.118104	0.128647	10.707812
18	A	-1.253856	0.161190	12.754102
19	A	-1.499531	0.188079	13.948283
20	A	-0.470779	0.323492	12.964036
21	A	-0.031261	0.371112	10.584102
22	A	-0.967332	0.427566	8.172289
23	A	0.276249	0.586743	4.742911
#Seq[4]
pos	base	current	sd	dwell
0	A	-1.085615	0.325872	0.543426
1	A	-0.800940	0.316583	0.518413
2	A	0.214569	0.235095	0.864710
3	A	-0.262155	0.183118	1.270773
4	A	-0.517985	0.175257	2.330952
5	A	-1.490958	0.161203	4.792162
6	C	-1.935198	0.119938	7.686058
7	C	-1.382087	0.123276	7.748804
8	C	-0.421948	0.120854	6.744730
9	A	-0.388952	0.145973	8.335320
10	G	1.522399	0.137341	7.753139
11	A	1.208182	0.113770	8.151141
12	G	0.177463	0.259998	6.888295
13	G	-1.687351	0.139209	8.977044
14	T	-1.840562	0.124258	9.079994
15	T	-1.242186	0.121867	8.759101
16	G	-0.961574	0.117874	9.613548
17	G	-1.046327	0.139297	9.668493
18	A	-1.385002	0.164824	11.434924
19	A	-1.596535	0.190854	12.972508
20	A	-0.570904	0.323018	13.020682
21	A	-0.094559	0.359103	10.692806
22	A	-0.976532	0.423897	8.221429
23	A	0.264751	0.581534	4.721431
#Seq[5]
pos	base	current	sd	dwell
0	A	-1.038843	0.352322	0.609635
1	A	-0.885615	0.340331	0.480589
2	A	0.804409	0.314444	0.719053
3	A	-0.296418	0.457703	1.050909
4	A	-1.847296	0.213584	2.462882
5	A	-1.695608	0.219462	4.285169
6	T	0.622112	0.167643	6.892688
7	G	0.065731	0.189507	7.827782
8	G	-0.884556	0.130474	8.948681
9	A	-0.183938	0.139463	7.362895
10	T	-1.224345	0.132953	8.816078
11	G	0.663844	0.160933	8.842342
12	G	0.336203	0.182348	8.317970
13	C	-1.138002	0.168991	7.905555
14	G	-1.621271	0.121606	9.758221
15	T	-1.356391	0.127792	7.205613
16	C	-0.920966	0.131412	8.450818
17	G	-0.987711	0.132706	8.578780
18	A	-0.985837	0.171566	9.769105
19	A	-0.990855	0.207923	12.186904
20	A	-0.323711	0.348533	12.301809
21	A	-0.134604	0.381996	10.487399
22	A	-0.950183	0.435780	7.823375
23	A	0.295252	0.584161	4.551427
#Seq[6]
pos	base	current	sd	dwell
0	A	-1.076959	0.320911	0.551042
1	A	-1.012367	0.222406	0.577088
2	A	-0.988920	0.192652	0.861265
3	A	-1.453318	0.212353	1.480788
4	A	-1.883340	0.164577	3.054984
5	A	-1.482629	0.180804	4.850231
6	G	0.068917	0.157776	7.243117
7	G	1.053686	0.174273	7.824681
8	G	-0.335047	0.290446	7.538384
9	A	-1.649453	0.176361	8.184107
10	C	-0.031804	0.148533	7.566380
11	T	-0.210502	0.161836	6.763726
12	G	-0.596863	0.137501	6.818616
13	A	-1.463356	0.138816	7.534117
14	T	-1.717868	0.118221	8.185266
15	G	-1.411493	0.108539	8.240091
16	G	-1.193226	0.114607	10.279538
17	G	-1.297931	0.129964	11.857592
18	A	-1.617330	0.156382	13.936333
19	A	-1.643527	0.191387	14.043936
20	A	-0.523549	0.318908	14.100405
21	A	-0.037185	0.368633	11.055119
22	A	-0.971724	0.430453	8.272478
23	A	0.269511	0.587026	4.594143
#Seq[7]
pos	base	current	sd	dwell
0	A	-1.072586	0.303075	0.579837
1	A	-1.013454	0.211022	0.551734
2	A	-0.990815	0.178206	0.780021
3	A	-1.451160	0.208550	1.301905
4	A	-1.892243	0.159703	2.779343
5	A	-1.568821	0.119600	4.995682
6	G	-1.131450	0.116272	6.917623
7	G	-1.267974	0.127653	8.421187
8	G	-1.278428	0.106959	8.808978
9	A	-1.157355	0.141034	7.584246
10	G	0.335069	0.140803	8.236662
11	G	-0.057030	0.132388	7.668824
12	A	-0.984498	0.132337	9.046240
13	G	-0.690409	0.142660	8.302076
14	T	-1.420618	0.137214	8.299838
15	C	-1.507531	0.120035	9.238791
16	G	-1.281067	0.121861	8.693567
17	C	-0.940489	0.139363	8.620743
18	A	-0.828172	0.160782	9.538079
19	A	-0.735314	0.219121	10.911921
20	A	0.295466	0.376080	11.911084
21	A	0.111781	0.411079	9.743299
22	A	-0.984892	0.457415	8.245907
23	A	0.315512	0.585371	4.817802
#Seq[8]
pos	base	current	sd	dwell
0	A	-1.006034	0.302233	0.561866
1	A	-0.917292	0.222541	0.559328
2	A	-0.962915	0.195704	0.823174
3	A	-0.175346	0.180697	1.637449
4	A	-0.266980	0.191362	2.416277
5	A	-1.418318	0.185796	4.495353
6	G	-1.491058	0.164412	8.618878
7	C	0.264908	0.141481	8.889959
8	C	0.211727	0.121440	8.369365
9	G	-0.491826	0.141773	8.192263
10	A	-1.298661	0.123177	8.802107
11	T	-1.288064	0.149714	7.854545
12	C	0.170439	0.161003	8.103621
13	G	-0.716547	0.173603	6.540009
14	G	-1.403116	0.128830	8.076728
15	A	-1.621777	0.123255	8.128612
16	C	-1.701061	0.116297	8.790990
17	G	-1.423602	0.126276	9.135468
18	A	-1.182451	0.153655	11.039279
19	A	-1.094530	0.195035	14.098804
20	A	-0.293518	0.348236	13.818101
21	A	-0.093597	0.380599	11.674277
22	A	-0.965079	0.428721	8.261965
23	A	0.287203	0.579173	4.553455
#Seq[9]
pos	base	current	sd	dwell
0	A	-1.007111	0.317364	0.546347
1	A	-0.891785	0.241815	0.529573
2	A	-0.871005	0.248591	0.697345
3	A	0.408766	0.301905	1.349354
4	A	-0.446693	0.235081	2.659784
5	A	0.274335	0.141302	4.669161
6	G	-0.032111	0.123114	6.135874
7	T	0.029685	0.121476	7.320883
8	G	-0.754560	0.128025	7.274598
9	T	-0.042527	0.134296	6.906543
10	C	0.825675	0.121385	7.483990
11	C	0.476085	0.104421	9.145933
12	G	1.327549	0.131758	10.120036
13	C	0.731944	0.165671	8.475320
14	T	-0.798801	0.161635	7.481932
15	C	-1.258925	0.131411	7.041714
16	T	-1.037555	0.131534	7.076433
17	C	-0.695167	0.147336	7.853528
18	A	-0.657274	0.165586	8.959471
19	A	-0.478141	0.225114	10.483344
20	A	0.540302	0.393917	12.703000
21	A	0.128479	0.427737	10.506695
22	A	-1.021382	0.463478	8.048248
23	A	0.295724	0.568267	4.555292
#Seq[10]
pos	base	current	sd	dwell
0	A	-1.049199	0.354796	0.539005
1	A	-0.768130	0.359859	0.479192
2	A	0.575887	0.270472	0.694943
3	A	-0.198396	0.175877	1.174557
4	A	0.247651	0.168426	2.478070
5	A	-0.220775	0.167428	4.486878
6	T	-1.199778	0.140624	6.466480
7	C	-0.126201	0.153158	7.588069
8	T	-0.746020	0.122368	6.993427
9	C	-0.860824	0.123838	7.486880
10	G	-0.797916	0.103051	7.273127
11	C	-0.413120	0.138217	6.376947
12	G	0.811974	0.134693	6.776439
13	G	1.293204	0.138161	7.486885
14	A	-0.034195	0.343274	7.765471
15	G	-1.776054	0.154097	9.551267
16	C	-1.776080	0.127327	9.416905
17	T	-1.347046	0.138100	10.027203
18	A	-0.865909	0.176905	10.154683
19	A	-0.717931	0.226878	10.675118
20	A	0.180392	0.404227	11.216817
21	A	0.071594	0.429145	9.490894
22	A	-1.003225	0.456934	7.516369
23	A	0.278171	0.578835	4.426397
#Seq[11]
pos	base	current	sd	dwell
0	A	-0.985727	0.338247	0.560182
1	A	-0.728737	0.345778	0.541162
2	A	0.193514	0.236929	0.837439
3	A	0.421413	0.229914	1.420774
4	A	-0.385728	0.318422	2.467851
5	A	-1.501426	0.163316	4.641733
6	C	-1.676868	0.153093	6.484781
7	T	0.052325	0.153532	7.540924
8	G	0.805750	0.150627	8.818583
9	G	-0.349309	0.191106	7.379349
10	G	-1.255710	0.127235	8.891435
11	C	-1.583648	0.129109	8.447839
12	C	-1.207581	0.198510	7.286364
13	G	1.397172	0.217536	7.320394
14	A	0.214814	0.267581	8.982853
15	G	-1.343664	0.153829	10.659589
16	A	-1.843861	0.122682	11.211312
17	T	-1.782635	0.136285	11.619194
18	A	-1.345683	0.173666	11.456955
19	A	-1.016211	0.223685	12.187729
20	A	0.110189	0.383495	12.615497
21	A	0.085379	0.418532	9.817992
22	A	-1.015169	0.461651	7.450850
23	A	0.273116	0.576848	4.381896
#Seq[12]
pos	base	current	sd	dwell
0	A	-0.964037	0.316603	0.518159
1	A	-0.900068	0.244636	0.511553
2	A	-0.949272	0.250741	0.709333
3	A	0.240973	0.206818	1.494880
4	A	-0.082564	0.163448	2.567788
5	A	-0.067159	0.152949	4.365882
6	G	-1.027582	0.175497	6.591736
7	T	0.108254	0.128602	7.898848
8	C	0.525744	0.109410	9.619812
9	C	0.446598	0.111554	8.743979
10	G	-0.077721	0.140024	7.214236
11	T	-0.409635	0.125601	6.994042
12	T	-0.922025	0.139690	7.593510
13	C	0.285157	0.159212	7.085268
14	G	-0.503127	0.146297	6.656744
15	G	-1.122077	0.118985	7.443076
16	G	-1.289266	0.131918	8.529546
17	C	-1.445717	0.129651	9.875302
18	A	-1.282588	0.156575	10.108358
19	A	-0.887114	0.216186	11.725255
20	A	0.262922	0.373459	13.402175
21	A	0.096972	0.421048	10.726199
22	A	-0.990265	0.464077	8.577422
23	A	0.289629	0.582323	4.659471
#Seq[13]
pos	base	current	sd	dwell
0	A	-0.989101	0.353199	0.514195
1	A	-0.838317	0.342305	0.493508
2	A	0.649934	0.289343	0.879792
3	A	0.016389	0.270692	1.182806
4	A	-1.105914	0.209267	2.549123
5	A	-1.469396	0.157943	5.337705
6	T	-0.525551	0.150911	6.747416
7	C	0.059944	0.148350	9.233095
8	G	1.474162	0.166329	8.725446
9	G	0.516036	0.172143	8.070571
10	C	0.678525	0.127649	8.490944
11	C	0.105337	0.191073	6.624309
12	T	-0.718605	0.123732	7.214514
13	G	-1.145496	0.129870	6.645408
14	T	-1.197334	0.119183	7.442006
15	G	-0.942436	0.111446	7.638378
16	G	-0.984733	0.116682	9.143452
17	G	-1.262288	0.136914	11.451889
18	A	-1.590937	0.158712	13.590833
19	A	-1.637477	0.194770	14.214222
20	A	-0.499270	0.324804	14.757596
21	A	-0.032758	0.374086	11.578717
22	A	-0.967241	0.434949	8.308144
23	A	0.274811	0.593771	4.502283
#Seq[14]
pos	base	current	sd	dwell
0	A	-1.050900	0.306233	0.491521
1	A	-1.063186	0.245015	0.488466
2	A	-1.471230	0.193677	0.808332
3	A	-1.403492	0.215740	1.311249
4	A	-0.242372	0.219787	2.209693
5	A	-1.334085	0.173173	4.720910
6	G	-1.330796	0.159945	8.286513
7	A	0.037715	0.132930	8.281139
8	C	-0.386562	0.103579	7.794651
9	G	-0.152973	0.100628	8.590809
10	A	0.713838	0.128480	8.268923
11	T	0.122655	0.145815	7.202269
12	C	-1.017450	0.131643	7.250669
13	C	-1.517007	0.132679	7.487940
14	T	-1.433519	0.138960	7.493162
15	C	-0.864836	0.114970	7.865960
16	G	-0.744013	0.116830	8.561549
17	G	-0.833218	0.145503	9.683045
18	A	-1.144633	0.171947	11.788671
19	A	-1.505370	0.192501	12.875791
20	A	-0.518033	0.329515	12.774942
21	A	-0.049004	0.371689	10.759649
22	A	-0.977975	0.437880	7.932624
23	A	0.278560	0.596738	4.468234
#Seq[15]
pos	base	current	sd	dwell
0	A	-1.050187	0.315847	0.561173
1	A	-1.096955	0.240877	0.556762
2	A	-1.397142	0.183413	0.884889
3	A	-1.604932	0.177860	1.528977
4	A	-1.625288	0.165104	2.356987
5	A	-1.225308	0.180111	4.397589
6	G	0.091396	0.143772	6.233577
7	A	0.709753	0.156075	8.607552
8	G	-0.078080	0.256611	7.617387
9	A	-1.550427	0.135103	8.075985
10	C	-1.790722	0.142476	8.095637
11	T	-0.190237	0.150521	8.451361
12	G	0.714345	0.127969	9.478448
13	G	0.516820	0.145891	8.577077
14	G	-0.989254	0.196760	7.680360
15	C	-1.858118	0.130824	9.362744
16	C	-1.606909	0.132836	8.159978
17	C	-1.094103	0.148248	8.440487
18	A	-0.721716	0.173980	9.215894
19	A	-0.411431	0.223246	10.520180
20	A	0.479743	0.403079	12.110795
21	A	0.071560	0.428368	9.808734
22	A	-0.993183	0.462646	7.812698
23	A	0.303956	0.580142	4.556193
#Seq[16]
pos	base	current	sd	dwell
0	A	-1.027092	0.353796	0.512560
1	A	-0.829893	0.368017	0.449742
2	A	0.564929	0.273604	0.637675
3	A	-0.113993	0.217087	1.057050
4	A	-0.443175	0.159875	2.073265
5	A	-0.038596	0.140482	3.952163
6	T	-0.520677	0.131186	6.309092
7	C	0.375616	0.118206	8.011647
8	C	0.239932	0.116363	6.424179
9	T	1.426038	0.152741	7.538348
10	C	0.679152	0.159182	7.188680
11	T	0.515227	0.104629	8.581726
12	C	0.847809	0.143166	7.601855
13	T	-0.450004	0.181437	7.017629
14	G	-1.214258	0.132831	9.298851
15	C	-1.238913	0.116133	8.627820
16	C	-1.035038	0.111390	9.362675
17	G	-0.805052	0.135278	9.637086
18	A	-0.953247	0.158175	11.830548
19	A	-1.013298	0.194337	13.999531
20	A	-0.283666	0.340046	13.431986
21	A	-0.092169	0.381945	11.198857
22	A	-0.982597	0.434852	7.912662
23	A	0.270993	0.586701	4.427097
